33743211
33739987
33738432
33738043
33732419
33732261
33734627
33733611
33728324
33552315
33723251
33718934
33717195
33717140
33553708
33721144
33721136
33720944
33718825
33718270
33714258
33713619
33520081
33712574
33711813
33708857
33708343
33707411
33707314
33706082
33692615
33688646
33688601
33535156
33692801
33692788
33692570
33691765
33691172
33691089
33558851
33532792
33497931
33688573
33596494
33686492
33684527
33679760
33655248
33655239
33518850
33682075
33681537
33681266
33679775
33679753
33679437
33679136
33677468
33676105
33390762
33674950
33673529
33671651
33671255
33670490
33670304
33669738
33669408
33669218
33668602
33668493
33668405
33665704
33664446
33664395
33664168
33662681
33662449
33659858
33521687
33660566
33658066
33657418
33643308
33634266
33655266
33652988
33652685
33564760
33651717
33649297
33648924
33645977
33644724
33642886
33641657
33641587
33640537
33640208
33619510
33639632
33638807
33527073
33633925
33633121
33632295
33631512
33630167
33629342
33629341
33629254
33628371
33628044
33626098
33622611
33622218
33621488
33594364
33398263
33621211
33621190
33620066
33618677
33618659
33617948
33614627
33552069
33615814
33615756
33597956
33609773
33608333
33607766
33604401
33602326
33600292
33600286
33599800
33599738
33585798
33585554
33585111
33584656
33584530
33584306
33574756
33569525
33392213
33596266
33592322
33588321
33587448
33586810
33586274
33582156
33580949
33580566
33578926
33578295
33576584
33575962
33574054
33570644
33570381
33567252
33565034
33564990
33564481
33563901
33563656
33557911
33437096
33424034
33556768
33556379
33553219
33552855
33551316
33550983
33550165
33549831
33549005
33548481
33547221
33546958
33546489
33545796
33545161
33542974
33542929
33542047
33540625
33537060
33520227
33520197
33520046
33538960
33535779
33533933
33530272
33530084
33527080
33437916
33526326
33525632
33525222
33524886
33521616
33398242
33522942
33521759
33521322
33521069
33519443
33517358
33516277
33515606
33514427
33514373
33513400
33511147
33510902
33510633
33513204
33512610
33512415
33511519
33510041
33509253
33508291
33506741
33505866
33505145
33504824
33504682
33503446
33502593
33501498
33501444
33500313
33499580
33495896
33495522
33495187
33493861
33493677
33493637
33424043
33391385
33362782
33339541
33492919
33491759
33489841
33489409
33488306
33486202
33486200
33485182
33482337
33481202
33480671
33479399
33477869
33476696
33476632
33472985
33472631
33472576
33469569
33469056
33467585
33466585
33466289
33465165
33465050
33465045
33464168
33462671
33462369
33462059
33461499
33459559
33457304
33454595
33451910
33451000
33450483
33449998
33446625
33446606
33446428
33445833
33444702
33299552
33444408
33443816
33442386
33442367
